0.9833098
0.983301
0.983297
0.9832983
0.9833045
0.9833159
0.9833324
0.9833541
0.9833806
0.9834126
0.9834494
0.9834914
0.9835384
0.9835906
0.9836476
0.9837098
0.9837771
0.9838491
0.9839263
0.9840083
0.9840953
0.9841869
0.9842835
0.984385
0.9844911
0.9846018
0.9847172
0.9848373
0.984962
0.9850912
0.985225
0.9853632
0.9855058
0.9856527
0.9858041
0.9859597
0.9861195
0.9862837
0.9864517
0.9866241
0.9868004
0.9869809
0.9871652
0.9873533
0.9875454
0.9877412
0.9879406
0.9881439
0.9883506
0.9885609
0.9887745
0.9889913
0.9892117
0.9894352
0.9896619
0.9898914
0.990124
0.9903595
0.9905978
0.990839
0.9910827
0.9913291
0.9915781
0.9918293
0.9920831
0.9923392
0.9925975
0.9928579
0.9931204
0.993385
0.9936513
0.9939198
0.9941899
0.9944617
0.9947352
0.9950101
0.9952865
0.9955642
0.9958431
0.9961233
0.9964046
0.9966869
0.9969699
0.9972539
0.9975385
0.9978237
0.9981096
0.9983957
0.9986824
0.9989694
0.9992566
0.9995437
0.999831
1.0001183
1.0004053
1.0006922
1.0009789
1.0012652
1.0015508
1.0018362
1.0021209
1.0024048
1.0026881
1.0029706
1.0032519
1.0035324
1.0038117
1.00409
1.004367
1.0046426
1.0049165
1.0051893
1.0054603
1.0057296
1.0059972
1.0062629
1.0065266
1.0067884
1.0070481
1.0073056
1.007561
1.0078142
1.0080649
1.0083131
1.0085586
1.0088021
1.0090426
1.0092806
1.009516
1.0097481
1.0099779
1.0102047
1.0104283
1.0106487
1.0108663
1.0110806
1.0112919
1.0114996
1.0117042
1.0119051
1.012103
1.0122969
1.0124871
1.012674
1.0128571
1.0130363
1.0132118
1.0133833
1.0135511
1.0137149
1.0138747
1.0140301
1.014182
1.0143296
1.0144727
1.014612
1.014747
1.0148779
1.0150043
1.0151263
1.0152442
1.0153576
1.0154668
1.0155715
1.0156716
1.0157675
1.0158585
1.0159453
1.0160273
1.0161048
1.0161779
1.016246
1.0163095
1.0163685
1.0164225
1.0164719
1.0165166
1.0165565
1.0165917
1.0166219
1.0166476
1.0166683
1.0166844
1.0166955
1.0167021
1.0167037
1.0167006
1.0166928
1.0166801
1.0166628
1.0166408
1.0166137
1.0165821
1.0165458
1.0165049
1.0164591
1.0164087
1.0163537
1.0162939
1.0162295
1.0161604
1.0160865
1.016008
1.0159249
1.0158373
1.0157452
1.0156484
1.0155472
1.0154413
1.0153309
1.0152164
1.0150971
1.0149738
1.0148461
1.0147139
1.0145779
1.0144373
1.0142927
1.0141439
1.0139912
1.0138344
1.0136734
1.0135089
1.0133402
1.0131679
1.0129914
1.0128114
1.0126277
1.0124402
1.0122491
1.0120544
1.0118562
1.0116545
1.0114495
1.0112408
1.0110291
1.0108141
1.0105957
1.0103742
1.0101498
1.009922
1.0096917
1.0094584
1.0092224
1.0089833
1.0087419
1.0084978
1.0082511
1.0080019
1.0077506
1.0074971
1.0072409
1.0069829
1.0067228
1.0064605
1.0061965
1.0059305
1.0056626
1.0053931
1.0051219
1.0048492
1.0045749
1.0042992
1.004022
1.0037439
1.0034641
1.0031835
1.0029017
1.0026189
1.0023354
1.002051
1.0017661
1.0014802
1.0011941
1.0009078
1.0006208
1.0003334
1.0000464
0.999759
0.9994717
0.9991842
0.9988971
0.9986105
0.9983239
0.9980379
0.9977524
0.9974675
0.9971833
0.9968998
0.9966171
0.9963353
0.9960544
0.9957749
0.9954963
0.9952192
0.9949431
0.9946685
0.9943955
0.994124
0.9938541
0.9935861
0.9933199
0.9930556
0.9927934
0.9925331
0.9922752
0.9920197
0.9917663
0.9915152
0.9912669
0.9910212
0.990778
0.9905376
0.9903
0.9900654
0.9898338
0.9896051
0.9893795
0.9891571
0.9889379
0.988722
0.9885094
0.9883003
0.9880945
0.9878922
0.9876938
0.9874987
0.9873076
0.9871202
0.9869368
0.9867573
0.9865816
0.9864101
0.9862425
0.9860792
0.9859204
0.9857655
0.9856152
0.9854692
0.9853275
0.9851904
0.9850579
0.9849299
0.9848065
0.9846876
0.9845736
0.9844641
0.9843594
0.9842595
0.9841643
0.9840739
0.9839886
0.9839079
0.9838321
0.9837613
0.9836953
0.9836344
0.9835784
0.9835274
0.9834815
0.9834406
0.9834046
0.9833739
0.9833483
0.9833277
0.9833097
